   7.1363930e-02   3.8229842e+00
   1.9547511e-01   3.8229842e+00
   3.9405301e-01   4.3916926e+00
   3.5681965e-01   4.7613531e+01
   4.7472527e-01   1.1329935e+02
   5.3057531e-01   3.8229842e+00
   5.7608274e-01   3.0618628e+02
   6.6709761e-01   3.8229842e+00
   6.3296703e-01   5.0048822e+02
   7.4776988e-01   7.8631835e+02
   8.0361991e-01   3.8229842e+00
   8.5822883e-01   1.2195320e+03
   8.5946994e-01   1.1564527e+03
   8.0775695e-01   1.1006719e+03
   8.1189399e-01   9.4636237e+02
   8.0982547e-01   8.8797498e+02
   8.0982547e-01   8.4731233e+02
   9.1842275e-01   4.8656163e+00
   1.0256410e+00   1.3912187e+03
   1.0943947e+00   2.3325169e+01
   1.0828701e+00   1.4447405e+03
   1.0828701e+00   1.3300510e+03
   1.0766645e+00   1.3071131e+03
   1.1387201e+00   1.2573795e+03
   1.2118078e+00   1.9114921e+01
   1.2690368e+00   1.3022475e+03
   1.2421461e+00   1.2341288e+03
   1.2991099e+00   6.2916162e+01
   1.3497091e+00   1.1288230e+03
   1.4055591e+00   1.0271664e+03
   1.3838397e+00   9.9223818e+02
   1.4338289e+00   9.1635774e+01
   1.5234648e+00   1.3435059e+02
   1.5048481e+00   9.7555607e+02
   1.5172592e+00   8.3688601e+02
   1.5234648e+00   9.3176552e+02
   1.6517130e+00   1.8161106e+02
   1.6951519e+00   7.3192771e+02
   1.6289593e+00   6.7006487e+02
   1.6351648e+00   8.0247915e+02
   1.7453135e+00   2.4870250e+02
   1.7716871e+00   6.3565802e+02
   1.7965094e+00   5.7101483e+02
   1.8461538e+00   5.0350440e+02
   1.8833872e+00   2.9955135e+02
   1.9588086e+00   3.5995758e+02
   1.9640595e+00   4.2087581e+02
   2.0819651e+00   3.7024692e+02
   2.1129929e+00   3.1817655e+02
   2.1802993e+00   4.3168023e+02
   2.1750485e+00   2.5770389e+02
   2.2557207e+00   2.1333937e+02
   2.2619263e+00   3.8542632e+02
   2.3425986e+00   4.2974044e+02
   2.3612153e+00   1.8975904e+02
   2.4667098e+00   3.8637417e+02
   2.4605042e+00   1.5020853e+02
   2.4791209e+00   4.3651529e+02
   2.5815126e+00   1.0773865e+02
   2.6133866e+00   3.8599503e+02
   2.6131610e+00   4.4622170e+02
   2.6978668e+00   9.4010658e+01
   2.7066580e+00   3.2773401e+02
   2.7521655e+00   4.0926152e+02
   2.8321482e+00   6.8234476e+01
   2.8899289e+00   3.8629766e+02
   2.8917906e+00   3.2391103e+02
   2.9135100e+00   4.2400371e+01
   3.0274667e+00   3.6030837e+02
   3.0159017e+00   3.3225209e+02
   3.0707175e+00   3.9272475e+01
   3.1689722e+00   3.0684827e+02
   3.1989657e+00   3.1192076e+01
   3.2734324e+00   3.1285913e+02
   3.3292825e+00   2.3285449e+01
   3.3404525e+00   2.5093605e+02
   3.4915135e+00   2.5059165e+02
   3.6264598e+00   2.2668145e+02
   3.6085326e+00   1.7822689e+02
   3.5899160e+00   5.2131603e+00
   3.7525016e+00   2.2924004e+02
   3.7789034e+00   1.7841646e+02
   3.7698772e+00   3.8229842e+00
   3.9097843e+00   2.3073764e+02
   3.9063995e+00   1.4770621e+02
   3.9188106e+00   2.7282206e+02
   4.0522301e+00   1.9123610e+02
   4.0480931e+00   1.2962234e+02
   4.1484163e+00   1.4791474e+02
   4.1949580e+00   1.1596386e+02
   4.3358242e+00   1.0330167e+02
   4.4715827e+00   8.2154060e+01
   4.6014221e+00   8.5021906e+01
   4.6293471e+00   5.4390639e+01
   4.7503555e+00   5.8292611e+01
   4.8868778e+00   4.8439512e+01
   4.9886490e+00   1.8697868e+01
   5.0469813e+00   5.4077850e+01
   5.1847447e+00   2.9004128e+01
   5.3166128e+00   2.0374768e+01
   5.4205559e+00   2.3841520e+01
   5.6563672e+00   1.6334569e+01
   5.8425339e+00   1.2164041e+01
   5.9542340e+00   1.6632464e+01
   6.1652230e+00   7.9935125e+00
   6.3017453e+00   9.8892072e+00
   6.3762120e+00   1.0078777e+01
   6.5872010e+00   1.3301458e+01
   6.7795734e+00   7.9935125e+00
   6.9967679e+00   3.8229842e+00
   7.1332902e+00   3.8229842e+00
   7.2698125e+00   3.8229842e+00
   7.4063348e+00   3.8229842e+00
   7.5428571e+00   3.8229842e+00
   7.6793794e+00   3.8229842e+00
   7.8159017e+00   3.8229842e+00
   7.9400129e+00   3.8229842e+00
