12	12	12	12	20	21	12	24	39	32	40	31	49	42	52	50	54	59	56	58	59	43	45	34	41	41	31	21	109	17	23	2
10	6	16	17	25	21	35	29	28	41	54	49	66	95	67	63	149	78	70	57	120	54	49	70	45	36	39	41	41	18	20	21
108	9	28	29	34	27	28	40	49	52	58	74	66	76	77	99	77	90	121	69	86	67	71	69	58	59	50	27	33	28	28	27
24	22	23	36	27	37	54	51	54	73	84	69	92	83	102	113	93	100	125	149	94	85	78	104	68	57	44	46	52	29	40	27
15	21	21	128	51	40	54	64	65	89	91	94	109	91	126	129	120	139	114	124	122	121	111	107	74	66	69	61	54	27	32	25
22	38	28	36	43	35	61	63	93	100	104	107	145	128	143	143	143	129	132	149	150	153	100	107	116	88	69	69	67	51	38	34
18	44	28	37	177	55	71	68	107	109	119	113	158	193	174	167	184	199	184	186	180	175	175	124	119	123	99	81	194	49	51	41
30	35	47	40	41	80	77	94	95	140	140	152	149	182	174	180	325	199	201	196	200	167	180	153	133	120	126	93	69	57	60	47
27	42	49	48	64	94	83	104	119	147	149	177	174	244	203	265	228	242	244	238	214	241	206	164	161	149	114	95	97	78	50	57
35	34	46	54	81	87	97	119	124	171	183	170	251	403	256	263	284	290	277	296	257	233	209	211	163	184	137	101	98	76	73	62
30	117	59	61	77	77	112	112	127	176	192	175	239	266	268	319	337	344	1125	304	286	254	253	256	308	173	144	136	120	73	60	57
35	38	49	81	104	105	116	141	155	226	262	239	275	306	302	320	349	332	346	353	330	280	271	245	263	214	162	121	117	111	91	71
34	61	52	82	171	119	133	161	190	209	214	297	336	331	362	369	356	366	393	323	325	329	263	269	223	232	208	152	135	116	88	65
38	54	59	18	79	120	138	184	208	222	268	279	352	357	362	376	389	422	383	363	368	300	294	268	249	190	210	148	144	124	82	80
49	48	72	6	12	62	366	157	220	238	281	274	341	373	396	377	412	392	364	419	410	366	330	282	263	248	476	182	147	126	102	88
41	314	57	6	6	9	20	131	240	230	255	297	399	339	369	409	409	444	413	387	374	330	288	293	278	253	220	147	144	121	96	67
38	57	54	9	60	7	6	13	34	201	309	321	321	358	417	423	409	410	402	417	363	371	316	307	276	236	193	186	138	103	109	99
34	58	70	9	4	3	8	5	12	21	93	257	310	363	409	407	423	413	446	381	380	348	351	275	245	230	175	175	118	134	83	86
43	56	58	10	3	5	24	5	6	10	16	26	202	327	362	419	404	445	359	383	344	473	317	299	255	233	190	195	128	102	72	76
45	57	75	9	5	5	16	3	10	5	10	9	13	30	287	339	371	379	382	354	348	321	313	296	252	207	195	160	145	107	73	64
38	212	48	16	5	7	4	8	5	5	9	16	11	9	23	81	317	411	392	367	331	272	283	274	219	208	191	171	120	106	89	55
29	41	55	12	6	4	5	5	3	14	4	4	11	21	8	18	209	172	312	338	338	241	267	237	201	169	175	136	102	83	85	56
29	39	50	9	1	2	4	6	5	10	14	6	7	13	13	6	33	175	247	244	275	242	211	240	178	167	149	126	98	79	70	53
28	24	84	10	2	6	9	5	4	9	4	7	10	11	39	195	203	308	244	227	208	231	208	167	175	159	117	111	84	85	62	40
19	25	551	9	4	2	1	1	6	5	7	4	26	163	195	208	196	230	212	230	192	187	192	163	143	915	117	81	71	55	49	39
163	28	272	7	6	4	6	6	4	6	10	111	149	180	166	193	174	325	181	198	179	149	163	146	119	114	103	71	70	50	47	48
17	25	19	4	4	4	4	2	7	61	88	124	122	152	140	267	166	159	147	155	147	156	146	113	102	95	296	74	48	54	48	68
18	31	26	6	4	4	4	34	71	83	91	117	101	135	114	356	127	140	117	132	123	112	113	103	102	82	77	65	65	45	46	27
19	16	190	6	5	4	24	52	66	57	69	85	95	99	111	108	106	103	111	119	98	92	92	91	92	93	61	54	37	31	34	29
16	17	21	33	24	35	36	56	51	41	69	73	83	232	96	96	109	84	260	103	136	78	82	76	71	73	56	43	214	50	26	28
23	22	13	14	90	26	26	46	59	35	57	238	65	65	73	81	78	93	84	82	83	70	64	53	48	47	36	35	45	34	16	29
13	14	9	31	28	18	16	25	25	42	34	79	52	55	55	52	70	63	52	60	62	58	51	38	58	80	35	24	50	26	24	21
