19	14	17	19	21	24	23	37	31	43	43	45	46	37	46	38	55	48	61	55	47	57	41	40	23	40	24	34	100	17	19	18
8	15	9	20	26	27	38	29	43	43	55	53	56	91	59	62	158	82	80	72	129	53	47	54	53	39	22	43	28	20	17	23
121	14	22	17	38	25	32	45	47	67	63	83	71	78	96	75	81	95	120	74	99	60	68	52	59	66	45	35	41	32	27	18
14	11	18	26	16	33	34	42	55	74	77	71	89	88	91	105	112	122	102	154	96	94	106	79	75	64	41	41	49	36	33	28
20	17	26	109	40	43	61	44	62	86	99	90	120	123	124	134	130	117	139	119	122	122	112	103	69	72	68	52	52	43	38	35
23	27	30	41	42	48	46	87	85	89	116	117	125	147	169	150	136	137	143	144	126	132	125	97	93	71	70	72	55	43	28	36
22	21	39	42	173	58	86	79	87	120	133	128	167	149	174	184	203	157	181	171	187	178	174	124	116	110	104	96	194	53	54	44
31	38	39	56	73	73	79	93	111	118	144	167	155	172	190	223	322	199	221	216	183	182	167	158	128	120	122	95	81	75	50	53
29	37	42	47	78	83	79	115	127	139	155	180	200	206	207	243	260	226	240	235	259	215	214	170	152	148	125	113	91	69	60	62
32	29	31	45	87	91	104	157	145	53	17	60	185	406	254	268	291	311	340	281	299	272	232	195	184	154	149	134	104	77	83	72
34	106	72	76	73	93	115	132	162	154	63	25	23	42	209	315	329	311	1200	294	283	259	254	202	287	145	136	131	101	90	88	66
33	45	58	65	99	124	129	147	198	196	262	237	158	60	29	36	204	339	367	320	325	314	271	239	240	199	170	134	129	110	89	80
55	58	62	83	166	115	130	163	176	227	225	307	347	323	292	84	16	28	135	291	315	303	292	250	226	235	202	130	127	121	88	92
48	66	63	100	73	102	142	182	199	220	272	314	342	332	372	355	32	282	78	37	125	300	298	261	235	220	169	175	155	107	83	70
39	62	57	81	124	120	385	169	208	197	269	334	297	373	391	362	30	359	388	152	38	31	204	285	228	251	460	184	143	102	95	87
44	282	72	81	113	104	156	182	234	252	278	287	401	378	383	348	34	338	406	380	328	60	19	43	192	216	194	158	153	135	110	88
47	65	79	76	176	123	142	180	207	227	281	354	331	320	374	387	37	340	412	417	394	296	105	28	26	77	182	181	142	120	95	69
53	55	71	86	109	123	151	177	217	245	269	320	335	373	391	342	35	316	413	394	327	281	111	41	23	16	144	168	172	144	99	65
31	55	67	86	104	145	194	154	165	226	259	278	305	325	321	317	29	81	64	62	44	142	14	18	44	135	161	181	157	124	91	69
36	42	58	77	89	107	157	171	118	69	68	50	44	30	25	30	23	35	29	16	29	40	156	224	216	210	172	160	122	108	78	73
34	199	58	72	86	131	127	186	43	15	15	27	20	18	30	35	52	104	203	269	277	314	289	262	211	189	166	175	138	104	71	76
38	56	58	76	80	76	119	139	141	146	188	197	238	280	321	286	508	340	320	315	369	292	228	229	187	167	156	145	120	97	89	67
40	43	56	68	70	80	109	120	132	173	186	197	229	257	246	280	251	312	282	258	270	280	235	204	176	153	160	127	97	86	65	61
25	28	79	50	61	78	99	121	118	155	160	189	196	280	246	221	228	304	256	235	228	215	207	186	165	153	126	102	85	83	61	49
23	31	559	44	69	71	100	110	109	133	138	151	191	195	219	216	209	209	232	244	200	174	166	161	157	921	113	84	75	64	59	41
191	20	251	49	52	50	71	95	106	116	143	158	179	193	171	155	198	298	177	156	157	185	161	125	141	115	100	84	71	69	50	49
17	27	33	38	54	67	66	77	82	84	103	128	161	144	143	260	144	134	150	159	150	120	138	121	105	91	286	65	66	45	45	56
14	17	28	30	37	48	54	47	69	105	87	116	106	124	120	331	128	144	131	133	149	124	106	119	107	76	68	51	50	40	43	40
17	20	164	27	33	27	56	48	70	66	72	66	101	97	98	123	109	92	105	102	107	89	87	69	76	74	63	43	33	39	26	33
18	16	27	44	38	30	38	38	44	59	74	67	87	222	107	89	101	80	240	99	152	87	79	50	59	56	60	35	208	24	31	32
18	14	11	29	92	26	23	60	40	49	70	266	66	69	93	86	65	68	62	70	57	68	70	43	55	52	50	44	26	41	22	22
10	14	11	16	26	29	23	34	36	39	32	60	53	68	57	62	68	61	64	69	65	44	52	50	49	83	23	43	57	28	26	25
