6	15	10	16	20	19	26	30	26	22	32	38	39	41	49	43	58	54	52	51	51	42	39	37	52	50	36	28	92	17	17	12
13	13	12	25	17	22	32	28	37	39	45	59	65	78	55	63	130	75	59	69	141	56	60	55	40	41	42	37	31	31	19	19
112	16	20	20	41	31	31	37	60	58	58	67	64	56	66	86	68	78	116	74	85	78	78	64	65	48	60	39	34	30	18	25
10	16	24	23	36	28	33	45	65	58	54	81	65	74	102	100	98	105	95	149	88	93	106	82	62	69	57	54	53	37	29	28
13	19	22	117	30	44	51	65	61	82	90	89	123	96	106	119	134	119	137	141	105	109	102	103	82	71	67	58	55	42	36	21
17	23	23	39	33	55	66	75	51	91	75	122	122	117	153	153	148	141	147	136	132	156	111	117	99	83	61	73	70	50	46	37
15	28	24	33	209	61	66	98	74	103	118	136	143	169	155	167	188	181	167	186	174	161	164	127	117	116	102	84	177	59	55	38
25	29	35	42	57	54	77	96	118	113	137	149	182	185	204	208	346	201	197	181	203	166	182	181	148	112	115	95	75	65	53	45
26	28	42	46	69	68	95	102	119	136	161	181	173	216	228	273	241	251	221	243	90	30	158	174	159	139	114	100	87	59	70	58
39	45	45	63	73	75	130	128	124	156	181	210	216	380	234	274	255	300	253	264	36	20	19	170	186	170	132	120	95	94	73	62
32	119	56	57	80	93	109	142	141	170	184	214	210	271	302	290	326	289	1107	65	13	18	205	231	289	208	149	135	112	97	78	74
39	40	53	75	88	97	128	133	144	62	59	169	238	319	323	351	353	350	183	29	17	85	253	250	230	177	188	146	126	116	107	67
38	42	61	76	168	101	150	161	178	49	25	14	68	293	319	390	374	383	49	19	37	264	283	269	236	203	183	164	146	112	93	70
40	46	66	70	79	116	162	172	193	225	198	64	30	33	274	371	381	122	36	16	270	312	296	262	257	241	188	182	114	136	111	81
42	48	74	86	99	124	382	184	211	233	274	278	231	49	31	151	276	48	21	30	344	397	357	307	264	229	477	173	143	105	104	74
32	293	72	79	111	109	142	173	207	221	296	281	428	329	68	16	16	18	15	306	352	344	337	332	292	267	234	183	138	116	103	82
34	50	56	92	156	135	137	169	190	227	269	303	336	339	359	76	25	14	25	341	391	321	348	295	259	246	211	180	137	155	119	95
43	49	63	82	107	129	149	161	207	244	286	274	304	309	375	69	16	14	25	24	249	342	314	285	263	235	218	180	135	106	102	80
39	41	73	80	94	124	149	162	193	215	267	263	314	345	193	33	16	204	84	21	31	152	276	266	270	248	193	173	162	121	92	70
39	56	61	79	100	113	154	137	188	210	283	280	313	330	73	16	30	340	364	191	42	19	22	148	228	183	193	167	146	112	96	100
38	188	61	71	69	113	123	154	161	190	237	285	255	107	23	24	276	372	404	336	293	58	19	23	43	167	182	145	147	100	92	69
27	42	77	71	73	85	119	126	165	172	211	232	230	42	22	117	510	359	341	328	349	315	203	35	13	22	147	148	137	96	92	67
37	42	47	55	67	100	108	114	149	156	184	200	47	17	33	257	246	271	260	290	274	231	251	188	60	92	143	115	110	78	72	50
30	35	69	39	67	81	96	100	139	137	162	77	22	15	221	237	233	302	239	215	239	227	205	180	159	141	128	100	117	69	66	47
19	31	549	42	63	78	73	85	90	153	146	33	17	183	211	203	224	231	222	227	211	200	172	175	152	945	126	101	78	83	65	49
165	25	221	39	45	70	62	75	105	121	133	129	144	168	188	186	208	345	183	181	164	176	152	156	117	120	95	79	62	70	53	46
23	22	34	37	41	61	63	63	67	102	108	138	115	129	152	245	167	152	154	161	161	127	129	131	142	95	296	75	55	68	45	72
19	18	27	34	32	45	50	59	71	88	91	96	117	129	134	358	133	131	137	111	150	118	98	113	101	74	64	62	51	43	44	31
16	19	179	27	35	40	41	47	55	54	68	78	93	96	97	122	107	121	103	110	117	78	92	94	72	75	62	56	62	36	38	26
12	18	21	42	24	44	37	38	50	65	62	80	89	212	108	80	110	87	241	92	131	96	66	73	67	49	52	51	191	37	20	26
18	16	17	31	98	28	24	64	29	46	84	226	53	77	77	88	80	65	64	78	85	74	58	53	56	41	38	44	41	44	17	15
15	10	14	15	24	30	20	25	29	37	42	71	66	59	60	91	49	63	49	62	52	50	49	41	27	84	36	37	48	26	23	14
