12	17	7	15	18	19	28	19	28	31	39	38	33	38	56	47	39	51	55	52	44	52	41	44	33	30	26	26	99	15	13	13
12	10	15	12	16	32	26	34	37	30	53	44	57	104	57	73	151	67	62	44	117	40	44	39	43	35	50	30	35	25	21	18
129	10	23	21	44	30	35	41	50	49	55	51	69	64	83	88	65	92	126	80	81	74	66	57	47	51	61	35	42	29	32	20
20	13	24	34	30	33	24	43	64	67	73	89	82	86	84	93	90	99	103	146	81	82	70	82	93	58	42	59	46	34	26	16
14	19	22	120	31	36	52	58	65	77	79	101	87	103	121	130	124	123	113	121	114	93	103	93	69	79	70	65	60	42	30	27
29	30	26	32	48	51	73	66	95	91	87	99	119	137	136	147	141	155	145	141	123	138	124	116	104	93	77	70	54	43	52	35
21	29	33	39	197	64	89	72	89	104	106	141	144	142	161	172	156	184	168	195	160	130	160	153	113	100	90	75	186	47	53	42
30	38	38	54	59	67	73	86	100	140	66	140	158	177	194	204	340	196	203	212	199	179	174	141	126	127	101	86	87	48	57	54
30	35	44	52	78	78	94	97	126	137	16	18	129	220	237	251	241	233	241	223	262	234	175	175	155	145	118	106	66	76	74	69
35	45	50	56	85	75	106	124	134	119	37	6	5	201	239	275	266	258	291	269	272	216	200	190	183	155	128	111	129	81	83	47
27	123	54	68	73	101	112	131	129	142	35	12	5	10	20	224	314	377	1183	310	315	275	218	216	279	153	158	133	111	88	75	57
46	52	61	57	84	93	130	160	171	203	92	5	6	6	7	14	86	298	341	340	278	303	248	258	240	194	160	162	102	117	94	65
45	41	55	79	184	101	119	175	179	235	50	10	7	5	7	8	6	19	267	356	324	260	257	225	252	225	165	151	135	104	83	60
30	76	72	103	101	127	135	169	171	207	52	3	7	8	7	3	5	21	29	48	319	332	296	263	242	230	187	193	139	95	92	80
41	68	68	91	103	136	376	169	193	214	49	11	3	5	4	6	5	10	12	8	18	190	295	287	253	238	494	166	161	134	102	66
38	349	78	75	89	128	148	166	204	242	44	7	104	8	7	3	10	8	9	12	10	20	44	223	251	229	199	170	166	106	124	81
53	45	76	86	162	126	157	184	209	262	33	12	9	3	1	9	8	7	4	8	9	18	15	20	90	195	192	177	154	112	93	75
44	59	53	80	107	139	138	172	209	249	39	12	5	6	8	7	6	3	9	11	9	10	15	25	61	171	224	156	150	125	94	70
46	51	59	80	93	126	154	153	187	228	40	12	3	8	5	9	5	29	14	15	14	147	219	271	263	217	193	139	133	137	73	74
41	58	67	92	90	118	147	175	181	218	34	10	3	8	5	10	7	22	12	41	284	294	281	263	257	218	186	157	135	88	98	60
46	188	59	72	86	114	133	168	180	192	26	18	5	1	6	6	11	52	293	328	300	275	301	244	220	208	186	164	123	96	93	70
37	40	55	60	97	102	137	134	194	170	24	10	9	15	10	40	473	313	321	281	355	262	259	248	179	195	158	138	143	89	81	61
37	43	55	55	78	83	112	131	140	161	45	11	6	42	185	278	273	267	291	282	253	263	228	198	183	156	155	120	98	87	69	67
26	38	77	62	70	82	82	111	142	142	50	46	179	197	235	243	246	285	263	241	231	208	235	196	182	126	128	112	91	63	62	52
26	35	523	50	50	61	100	99	117	146	150	179	187	183	220	225	199	234	197	240	196	188	209	169	131	950	122	101	87	78	53	61
173	24	253	35	53	65	84	84	90	120	139	170	187	195	193	216	181	317	186	189	157	176	161	127	126	119	90	92	87	65	58	44
22	20	28	37	54	58	81	97	82	92	102	130	148	131	143	232	154	169	160	146	132	159	144	116	97	101	284	71	56	58	37	83
22	16	19	37	40	34	67	66	73	70	80	90	108	111	129	323	144	129	138	146	137	108	119	108	84	85	62	65	46	53	50	31
19	14	193	29	28	39	51	51	51	75	71	84	97	101	109	94	123	102	104	119	113	102	123	88	77	55	51	51	38	54	34	20
16	18	23	39	20	33	33	42	45	47	76	75	73	232	91	79	98	73	259	113	128	91	79	58	55	51	38	38	208	37	33	30
17	27	15	23	91	26	31	65	38	50	76	249	69	66	82	85	71	64	71	77	66	59	69	49	59	38	36	25	36	22	28	20
7	10	15	16	22	26	27	33	38	42	39	75	52	55	60	65	63	61	46	67	54	50	51	44	37	85	27	27	49	23	14	25
