12	11	14	14	20	11	18	17	23	22	31	45	40	42	42	52	58	53	41	57	44	45	30	34	33	30	40	20	383	19	11	15
12	14	13	20	18	16	19	27	44	40	56	60	53	209	69	78	471	59	78	75	359	60	56	45	34	37	41	25	25	20	20	17
534	13	18	22	108	32	25	34	35	44	48	80	72	108	94	100	127	116	270	93	149	73	85	73	84	66	96	32	24	26	24	15
9	18	30	19	30	36	46	43	66	77	100	103	107	157	143	163	156	164	139	401	132	135	122	81	89	67	51	37	32	22	21	14
20	14	19	405	30	36	55	53	81	104	113	143	160	204	242	210	241	210	230	217	215	182	161	124	96	77	72	71	51	38	30	23
21	28	30	31	32	41	71	99	101	141	177	228	217	296	325	330	314	350	323	275	255	275	219	170	163	111	91	65	69	59	39	34
18	40	32	40	714	86	90	128	143	181	238	288	347	407	446	424	479	461	460	377	392	330	413	248	212	183	159	97	596	59	51	35
27	24	49	58	99	97	114	152	207	255	370	420	518	575	578	603	1243	631	671	569	523	477	407	317	286	194	242	118	94	74	45	40
27	32	46	58	92	100	166	208	317	359	488	577	654	749	870	1057	894	828	827	764	727	683	550	393	349	282	202	147	107	81	57	33
29	42	69	91	96	169	193	305	320	485	633	701	850	1734	1119	1172	1200	1133	1153	1035	928	832	676	588	404	329	250	177	137	109	65	54
40	449	80	94	175	170	261	343	501	605	750	928	1210	1286	1279	1420	1519	1522	5597	1257	1124	963	817	667	993	374	302	210	153	121	85	55
50	57	81	118	156	230	295	437	585	748	1184	1192	1364	1580	1700	1869	1858	1771	1646	1484	1340	1196	944	791	681	500	361	261	164	218	135	52
40	68	101	130	603	257	361	538	633	842	1063	1292	1564	1742	1854	1950	1966	1876	1631	1396	1145	1115	984	937	655	512	402	238	181	155	94	68
54	93	140	153	210	277	393	547	707	1020	1142	1047	908	1098	1085	1065	1020	1003	892	677	552	887	1144	929	710	556	414	289	175	153	101	70
57	67	108	176	255	340	1567	578	866	1145	1060	645	278	287	315	321	378	399	367	325	364	909	1163	1032	816	609	1788	306	200	163	111	82
58	1382	113	177	280	329	464	676	868	1094	1289	810	1067	646	733	840	884	820	783	685	620	925	1232	1091	778	605	434	299	213	131	113	73
56	81	119	172	573	323	435	686	857	1150	1252	923	578	579	663	725	733	680	648	517	482	839	1061	988	783	569	382	287	201	154	89	69
59	71	140	194	208	330	467	601	830	1134	1229	843	443	542	571	698	678	744	716	710	682	918	1016	884	668	477	383	253	210	136	100	63
53	92	112	166	199	291	549	609	794	1063	1167	1125	1198	1310	1364	1547	1637	1778	1555	1434	1211	1567	1028	821	662	473	344	269	182	120	84	46
36	83	118	150	210	280	464	535	750	873	1087	1312	1458	1664	1909	1952	2022	1899	1801	1483	1326	1081	827	712	535	377	322	202	147	112	84	53
42	807	83	137	179	268	317	459	571	746	854	1063	1385	1441	1578	1659	1594	1671	1643	1316	1201	894	762	606	423	346	253	193	222	103	75	51
45	66	69	107	144	204	305	358	474	577	775	920	1075	1205	1266	1339	2353	1266	1184	1003	1133	753	561	472	362	272	197	168	94	86	51	36
38	50	85	103	134	174	258	305	390	511	607	716	820	920	978	995	941	938	839	827	600	488	431	343	245	216	162	98	100	62	44	33
23	51	228	77	87	131	190	273	301	375	399	484	606	653	665	671	723	989	590	526	452	401	404	294	195	160	131	108	70	62	38	26
25	29	2226	69	92	107	150	173	212	290	315	386	401	483	495	506	479	473	447	403	359	294	255	179	168	4128	93	67	53	37	38	27
710	38	1082	51	65	85	103	138	166	185	235	283	311	323	352	375	383	989	322	285	242	226	188	123	105	101	71	58	52	42	20	23
11	31	32	45	44	77	81	104	145	131	178	202	241	241	270	667	272	203	229	206	189	146	136	123	97	66	1103	45	43	27	18	161
19	24	22	35	44	47	75	78	78	156	132	162	164	182	177	1204	160	145	147	133	244	88	102	76	75	73	41	34	24	22	17	16
11	20	889	31	31	46	47	65	40	68	84	99	92	105	122	117	101	101	117	81	91	84	74	74	51	37	26	21	26	15	15	10
15	19	32	119	28	64	31	47	47	48	80	68	70	869	81	74	132	65	925	59	318	50	53	38	27	33	23	17	827	17	13	5
64	20	19	22	391	17	39	126	37	36	99	913	57	64	50	57	56	57	45	84	46	45	40	25	30	21	14	14	15	11	7	9
13	12	14	14	12	28	17	21	29	23	32	133	48	42	47	29	26	41	45	34	45	32	30	13	26	216	11	7	95	8	18	5
