10	15	7	16	21	21	25	31	40	42	39	34	10	11	34	51	53	52	54	47	56	47	31	36	24	23	28	32	99	19	18	18
10	15	16	23	25	17	25	39	34	36	39	52	7	44	4	7	128	52	53	48	120	54	52	51	40	38	27	26	28	23	18	20
128	15	17	25	47	29	31	42	47	43	63	52	14	6	6	6	6	6	52	59	76	56	61	56	51	52	56	38	31	23	23	13
19	19	27	29	30	39	43	42	59	68	69	74	27	4	10	0	7	4	5	54	21	63	69	68	63	49	59	49	33	33	25	19
11	12	23	103	34	41	42	61	63	90	78	82	63	9	2	6	1	4	5	4	5	5	26	72	70	63	71	59	51	38	28	33
15	31	26	37	35	63	48	60	89	80	95	101	126	9	10	4	7	1	4	6	4	8	5	6	15	57	62	61	63	59	48	28
22	16	30	32	181	49	57	75	99	99	108	130	161	15	9	4	9	10	8	5	4	3	31	3	4	7	27	56	163	53	42	30
18	37	41	42	63	56	66	108	110	130	134	137	167	27	5	2	139	9	5	7	4	5	4	4	4	13	22	27	70	62	57	40
29	38	49	46	67	62	96	130	120	138	149	201	177	36	8	39	2	5	9	6	7	11	7	10	10	36	95	96	78	67	64	51
25	30	53	56	74	93	99	115	120	155	166	156	188	184	11	8	6	5	5	6	11	11	8	15	139	160	142	105	115	87	80	54
38	112	48	64	85	91	117	112	156	149	165	197	253	67	8	5	9	4	859	5	8	11	59	226	278	169	132	134	103	88	85	64
35	45	55	59	79	83	120	177	168	196	260	256	251	99	18	7	9	12	8	22	18	210	231	254	215	187	164	136	134	105	98	63
39	56	49	71	195	107	125	136	175	199	230	297	256	92	28	7	13	20	12	85	294	311	285	273	232	198	165	151	118	102	85	81
44	49	76	75	91	111	140	180	193	218	293	302	306	155	23	16	14	33	279	359	379	322	302	310	227	215	176	170	124	116	89	70
38	44	70	91	101	108	367	180	222	251	251	309	324	343	43	24	98	359	391	404	381	330	279	296	277	236	501	152	140	107	108	104
37	294	51	81	100	147	163	184	207	269	297	328	435	377	73	308	400	430	395	395	376	375	291	288	243	241	207	156	141	136	103	81
31	53	58	81	171	120	146	183	221	262	283	311	361	397	405	402	428	429	410	409	375	355	345	327	261	240	198	175	141	136	110	88
38	51	65	88	107	137	166	179	197	273	286	281	320	389	423	399	437	408	429	418	407	344	303	299	261	247	192	163	140	126	113	81
40	45	61	75	104	127	156	173	221	212	282	287	328	373	363	391	407	457	418	372	362	436	304	302	260	222	174	175	135	120	83	87
50	47	52	80	95	123	132	185	184	234	244	301	313	372	303	383	362	392	383	375	340	305	285	285	242	203	184	163	114	101	118	74
43	211	67	69	84	110	126	145	185	220	243	255	306	337	333	355	374	395	408	348	333	296	285	260	242	229	168	144	152	100	88	83
36	50	40	75	82	89	117	162	172	197	226	272	243	305	338	333	516	367	303	337	374	293	258	235	231	174	163	154	123	94	75	54
45	44	53	62	72	65	112	132	171	167	193	214	250	271	288	346	279	278	295	274	287	285	237	207	197	180	155	141	103	79	70	66
37	33	78	44	55	78	87	107	141	146	161	197	233	234	256	227	260	325	301	236	228	234	237	176	195	136	132	107	101	84	73	71
20	36	541	49	63	68	88	109	96	153	153	176	203	243	235	209	242	235	234	239	193	184	188	167	153	1004	118	90	96	60	59	58
172	27	228	44	68	59	64	76	111	123	149	140	177	167	185	187	179	320	242	170	172	161	172	126	131	110	84	77	61	80	55	47
13	21	31	28	54	60	58	83	89	107	109	135	151	131	157	249	143	163	172	176	159	127	150	141	109	102	281	76	56	70	41	74
21	21	32	36	39	43	49	62	82	103	88	106	108	119	125	334	137	136	157	127	170	137	99	128	92	88	72	56	63	60	39	31
21	16	179	24	31	40	45	52	66	74	69	79	96	120	118	117	114	101	94	115	124	95	87	90	74	73	50	59	48	47	29	31
15	13	23	40	21	42	37	54	49	54	70	79	69	268	78	85	111	89	249	82	140	74	87	77	54	62	49	44	219	35	21	32
22	14	14	19	98	31	30	63	42	42	57	229	72	72	86	85	85	81	66	76	71	70	59	49	44	46	42	33	25	23	21	18
15	9	12	20	15	23	16	26	33	55	48	75	54	61	54	48	66	72	49	60	54	42	44	42	43	86	37	28	52	27	24	15
